{
 "cells": [
  {
   "cell_type": "markdown",
   "id": "389c14bf",
   "metadata": {},
   "source": [
    "# Lab2: 自动文档摘要\n",
    "- 抽取式：PageRank，TextRank\n",
    "- 压缩式\n",
    "- 生成式：Encoder-Decoder"
   ]
  },
  {
   "cell_type": "markdown",
   "id": "35374831",
   "metadata": {},
   "source": [
    "## Load Data\n",
    "本实验不太需要当中的data，使用如下测试文本即可"
   ]
  },
  {
   "cell_type": "code",
   "execution_count": 1,
   "id": "82db0cc8",
   "metadata": {
    "code_folding": [
     6,
     17,
     27
    ]
   },
   "outputs": [
    {
     "name": "stderr",
     "output_type": "stream",
     "text": [
      "100%|████████████████████████████████████████████████████████| 5000/5000 [00:05<00:00, 930.30it/s]"
     ]
    },
    {
     "name": "stdout",
     "output_type": "stream",
     "text": [
      "Loaded Stories 5000\n",
      "-LRB- CNN -RRB- -- Police arrested another teen Thursday , the sixth suspect jailed in connection with the gang rape of a 15-year-old girl on a northern California high school campus .\n",
      "\n",
      "Jose Carlos Montano , 18 , was arrested on charges of felony rape , rape in concert with force , and penetration with a foreign object , said Richmond Police Lt. Mark Gagan .\n",
      "\n",
      "Montano was arrested Thursday evening in San Pablo , California , a small town about two miles from the city of Richmond , where the crime took place .\n",
      "\n",
      "Montano , who was held in lieu of $ 1.3 million bail , is accused of taking part in what police said was a 2 1/2 - hour assault on the Richmond High School campus .\n",
      "\n",
      "Police said as many as 10 people were involved in the rape in a dimly lit back alley at the school , while another 10 people watched without calling 911 .\n",
      "\n",
      "The victim was taken to the hospital in critical condition , but was released Wednesday .\n",
      "\n",
      "Four other teenage suspects were arraigned Thursday on charges connected to the rape .\n",
      "\n",
      "Cody Ray Smith , described by the court as older than 14 , pleaded not guilty to charges of rape with a foreign object and rape by force .\n",
      "\n",
      "Two other juveniles , Ari Abdallah Morales and Marcelles James Peter , appeared with Smith at the Contra Costa County Superior Court , but did not enter a plea . The court described Morales as younger than 16 , and did not give an age for Peter .\n",
      "\n",
      "All three juveniles , who wore bulletproof vests at the hearing , were charged as adults .\n",
      "\n",
      "A fourth person , Manuel Ortega , 19 , appeared separately without an attorney and did not enter a plea . He did not wear a protective vest .\n",
      "\n",
      "Another person , Salvador Rodriguez , 21 , was arrested Tuesday night , but he was not in court Thursday .\n",
      "\n",
      "\n",
      "['Another arrest made in gang rape outside California school', 'Investigators say up to 20 people took part or stood and watched the assault', 'Four suspects appeared in court Thursday ; three wore bulletproof vests']\n"
     ]
    },
    {
     "name": "stderr",
     "output_type": "stream",
     "text": [
      "\n"
     ]
    }
   ],
   "source": [
    "# -*- coding: utf-8 -*-\n",
    "from os import listdir\n",
    "import tqdm\n",
    "\n",
    "\n",
    "# load doc into memory\n",
    "def load_doc(filename):\n",
    "    # open the file as read only\n",
    "    file = open(filename, encoding='utf-8')\n",
    "    # read all text\n",
    "    text = file.read()\n",
    "    # close the file\n",
    "    file.close()\n",
    "    return text\n",
    "\n",
    "\n",
    "# split a document into news story and highlights\n",
    "def split_story(doc):\n",
    "    # find first highlight\n",
    "    index = doc.find('@highlight')\n",
    "    # split into story and highlights\n",
    "    story, highlights = doc[:index], doc[index:].split('@highlight')\n",
    "    # strip extra white space around each highlight\n",
    "    highlights = [h.strip() for h in highlights if len(h) > 0]\n",
    "    return story, highlights\n",
    "\n",
    "\n",
    "def load_stories(directory, num_stories=-1):\n",
    "    \"\"\"load stories\n",
    "    \n",
    "    Args:\n",
    "        directory(str): the path of cnn_stories\n",
    "        num_stories(int): NUM of stories to use\n",
    "\n",
    "    Returns:\n",
    "        all_stories(list): A list of dict, dict contains `story`(str) and `highlights`(a list of str)\n",
    "    \"\"\"\n",
    "    all_stories = list()\n",
    "    filenames = listdir(directory)\n",
    "    if num_stories > -1:\n",
    "        filenames = filenames[:num_stories]\n",
    "\n",
    "    for name in tqdm.tqdm(filenames):\n",
    "        filename = directory + '/' + name\n",
    "        # load document\n",
    "        doc = load_doc(filename)\n",
    "        # split into story and highlights\n",
    "        story, highlights = split_story(doc)\n",
    "        # store\n",
    "        all_stories.append({'story': story, 'highlights': highlights})\n",
    "\n",
    "    return all_stories\n",
    "\n",
    "\n",
    "\n",
    "# load stories\n",
    "directory = 'data/cnn_stories_tokenized/'\n",
    "stories = load_stories(directory, 10000)\n",
    "print('Loaded Stories %d' % len(stories))\n",
    "\n",
    "print(stories[4]['story'])\n",
    "print(stories[4]['highlights'])"
   ]
  },
  {
   "cell_type": "markdown",
   "id": "8a26ad26",
   "metadata": {},
   "source": [
    "### 分词、分句工具测试"
   ]
  },
  {
   "cell_type": "code",
   "execution_count": 2,
   "id": "af91d9a5",
   "metadata": {
    "scrolled": true
   },
   "outputs": [
    {
     "name": "stdout",
     "output_type": "stream",
     "text": [
      "['God is Great!', 'I won a lottery.']\n",
      "['God', 'is', 'Great', '!', 'I', 'won', 'a', 'lottery', '.']\n"
     ]
    }
   ],
   "source": [
    "import numpy as np \n",
    "from nltk.tokenize import sent_tokenize\n",
    "from nltk.tokenize import word_tokenize\n",
    "# import nltk\n",
    "# nltk.download('punkt')\n",
    "    \n",
    "text = \"God is Great! I won a lottery.\"\n",
    "print(sent_tokenize(text))\n",
    "print(word_tokenize(text))"
   ]
  },
  {
   "cell_type": "markdown",
   "id": "bfa0da49",
   "metadata": {},
   "source": [
    "## 抽取式：TextRank\n",
    "TextRank是基于google的PageRank的一种算法。\n",
    "- PageRank的基本思想：指向pageA的page越多，说明pageA越重要。算法使用迭代计算pg(short for PageRank score)，值越大越重要，每次迭代：\n",
    "    $$pg(A) = \\sum_{i}\\frac{pg(c_i)}{count(c_{ij})}$$\n",
    "- TextRank：\n",
    "    + 定义文本单元，为PageRank中的节点\n",
    "    + 定义文本单元之间的关系，添加成边，也可设置边的权重\n",
    "    + 之后使用PageRank算法求解即可：求解特征问题 $MP=P$\n",
    "\n",
    "> [TextRank提取关键词、生成摘要](https://zhuanlan.zhihu.com/p/41091116)"
   ]
  },
  {
   "cell_type": "code",
   "execution_count": 67,
   "id": "df77ad97",
   "metadata": {},
   "outputs": [],
   "source": [
    "class TextRank():\n",
    "    def initMatrix(self, text, simThreshold=1e-4):\n",
    "        self.sentence_list = sent_tokenize(text) \n",
    "        self.matSize = len(self.sentence_list) \n",
    "        if self.matSize <= 0: \n",
    "            return False\n",
    "        \n",
    "        self.simMatrix = np.zeros((self.matSize, self.matSize), dtype=np.float64) \n",
    "        for i in range(self.matSize):\n",
    "            for j in range(self.matSize):\n",
    "                if i==j: \n",
    "                    continue\n",
    "                self.simMatrix[i][j] = self.__calSim(self.sentence_list[i], self.sentence_list[j], simThreshold)\n",
    "        self.weightSum = np.sum(np.sum(self.simMatrix))\n",
    "        return True \n",
    "    \n",
    "    def calRank(self, threshold=1e-7, d=0.85):\n",
    "        self.pg = np.random.rand(self.matSize, 1)\n",
    "        self.pg /= np.linalg.norm(self.pg, 1) \n",
    "        while True: \n",
    "            pg_hat = (1-d) + d * np.dot(self.simMatrix.T, self.pg) / self.weightSum  ## 注意除以权重和weightSum\n",
    "            if np.sum(np.abs(pg_hat-self.pg)) < threshold:\n",
    "                break\n",
    "            self.pg = pg_hat\n",
    "    \n",
    "    def run(self, text):\n",
    "        self.initMatrix(text)\n",
    "        self.calRank()\n",
    "    \n",
    "    def getSummary(self, top_n=3):\n",
    "        idx = np.argsort(tr.pg, axis=0)\n",
    "        idx = idx[-top_n:]\n",
    "        idx = [item[0] for item in idx]\n",
    "        res = []\n",
    "#         print(idx)\n",
    "#         print(len(self.sentence_list))\n",
    "        for i in range(top_n):\n",
    "            j = top_n - i - 1\n",
    "            res.append(self.sentence_list[idx[j]])\n",
    "        return res\n",
    "    \n",
    "    def __calSim(self, senA, senB, threshold):\n",
    "        lenA, lenB = len(senA), len(senB) \n",
    "        if lenA <= 1 and lenB <= 1:\n",
    "            return 0 \n",
    "        intersection_set = set(word_tokenize(senA)) & set(word_tokenize(senB)) \n",
    "        sim = len(intersection_set) / (np.log(lenA) + np.log(lenB)) \n",
    "        if sim >= threshold:\n",
    "            return sim \n",
    "        return 0 "
   ]
  },
  {
   "cell_type": "code",
   "execution_count": 68,
   "id": "d142cb26",
   "metadata": {},
   "outputs": [
    {
     "name": "stdout",
     "output_type": "stream",
     "text": [
      "0\n",
      "200\n",
      "400\n",
      "600\n",
      "800\n",
      "1000\n",
      "1200\n",
      "1400\n",
      "1600\n",
      "1800\n",
      "2000\n",
      "2200\n",
      "2400\n",
      "2600\n",
      "2800\n",
      "3000\n",
      "3200\n",
      "3400\n",
      "3600\n",
      "3800\n",
      "4000\n",
      "4200\n",
      "4400\n",
      "4600\n",
      "4800\n"
     ]
    }
   ],
   "source": [
    "from sumeval.metrics.rouge import RougeCalculator\n",
    "rouge = RougeCalculator(stopwords=True, lang=\"en\")\n",
    "\n",
    "cnt = 0\n",
    "# rouge2_sum, rougel_sum = [], [] \n",
    "rougel_sum = [] \n",
    "for story_dict in stories:\n",
    "    if cnt % 200 == 0:\n",
    "        print(cnt) \n",
    "    cnt += 1\n",
    "    story = story_dict[\"story\"]\n",
    "    highlight = story_dict[\"highlights\"]\n",
    "    tr = TextRank()\n",
    "#     tr.run(story) \n",
    "    chk = tr.initMatrix(story)\n",
    "    if not chk:\n",
    "        continue \n",
    "    tr.calRank()\n",
    "\n",
    "    summary = tr.getSummary(1) \n",
    "#     rouge_2 = rouge.rouge_n(summary=summary[0], references=highlight, n=1)\n",
    "    rouge_1 = rouge.rouge_l(summary=summary[0], references=highlight)\n",
    "#     rouge2_sum.append(rouge_2) \n",
    "    rougel_sum.append(rouge_1)"
   ]
  },
  {
   "cell_type": "markdown",
   "id": "654a2c91",
   "metadata": {
    "heading_collapsed": true
   },
   "source": [
    "#### appendix"
   ]
  },
  {
   "cell_type": "code",
   "execution_count": 48,
   "id": "caa2e1f2",
   "metadata": {
    "collapsed": true,
    "hidden": true
   },
   "outputs": [
    {
     "name": "stdout",
     "output_type": "stream",
     "text": [
      "[[0.         0.72965726 0.54590832 0.3127988  0.29921762 0.11757623\n",
      "  0.10918166 0.62675702 0.76710591 0.49548066 0.19058422 0.19931206\n",
      "  0.19058422 0.10025654 0.31037058 0.49869603 0.40600093 0.42526467\n",
      "  0.22721148 0.29444481 0.23624187 0.21984855 0.30242384 0.22648664\n",
      "  0.39546956 0.62922707 0.50648314 0.31454838 0.57320935 0.47892808\n",
      "  0.        ]\n",
      " [0.72965726 0.         0.51926199 0.29818604 0.38109207 0.33425721\n",
      "  0.1038524  1.0310513  1.19279064 0.37874431 0.17491607 0.28559136\n",
      "  0.17491607 0.38297978 0.29597859 0.38109207 0.48439296 0.40502594\n",
      "  0.32354168 0.65674234 0.3357243  0.31357218 0.9624772  0.21504112\n",
      "  0.66134054 1.03494996 0.48346546 0.29977555 0.82286591 0.54995495\n",
      "  0.21263233]\n",
      " [0.54590832 0.51926199 0.         0.48450619 0.46023847 0.41840307\n",
      "  0.12781111 0.50846071 0.54982476 0.45681864 0.25562222 0.11494894\n",
      "  0.25562222 0.11574863 0.24007115 0.34517886 0.58704786 0.37170548\n",
      "  0.40174781 0.56473785 0.42070433 0.12882994 0.46593699 0.13341263\n",
      "  0.34170287 0.61288538 0.23427445 0.12191431 0.65700297 0.54915003\n",
      "  0.        ]\n",
      " [0.3127988  0.29818604 0.48450619 0.         0.32884176 0.26309205\n",
      "  0.12112655 0.38965908 0.20996077 0.21767541 0.23021289 0.10951347\n",
      "  0.23021289 0.11023908 0.11412078 0.21922784 0.3352339  0.23521972\n",
      "  0.25319169 0.2153908  0.13222824 0.12204122 0.22181226 0.25229193\n",
      "  0.32568552 0.39133042 0.33449372 0.         0.313671   0.20971478\n",
      "  0.        ]\n",
      " [0.29921762 0.38109207 0.46023847 0.32884176 0.         0.12442113\n",
      "  0.11505962 0.28035544 0.10039246 0.31174303 0.20924339 0.20906036\n",
      "  0.20924339 0.21038212 0.21743942 0.41848678 0.31968309 0.22376354\n",
      "  0.11998361 0.2057451  0.12503127 0.23176929 0.10579825 0.11957943\n",
      "  0.10366284 0.65685394 0.21267328 0.         0.30001562 0.30083993\n",
      "  0.        ]\n",
      " [0.11757623 0.33425721 0.41840307 0.26309205 0.12442113 0.\n",
      "  0.         0.32680896 0.23697019 0.24684399 0.30692768 0.12429172\n",
      "  0.30692768 0.12522722 0.13026028 0.24884226 0.25434722 0.13482577\n",
      "  0.29353728 0.2439102  0.30878625 0.14068172 0.37826607 0.\n",
      "  0.3692021  0.2189182  0.12685414 0.         0.35383816 0.23665689\n",
      "  0.        ]\n",
      " [0.10918166 0.1038524  0.12781111 0.12112655 0.11505962 0.\n",
      "  0.         0.20338429 0.         0.11420466 0.         0.\n",
      "  0.         0.         0.         0.23011924 0.35222871 0.12390183\n",
      "  0.         0.         0.         0.         0.         0.13341263\n",
      "  0.         0.10214756 0.11713722 0.60957156 0.32850148 0.10983001\n",
      "  0.13156332]\n",
      " [0.62675702 1.0310513  0.50846071 0.38965908 0.28035544 0.32680896\n",
      "  0.20338429 0.         0.72050249 0.37154813 0.16887389 0.28013637\n",
      "  0.16887389 0.75124663 0.38683152 0.56071088 0.37998438 0.39680723\n",
      "  0.31655833 0.9205373  0.32821126 0.3070082  1.03828367 0.21041342\n",
      "  0.74148821 1.18650964 0.47408863 0.1958473  0.89751023 0.53983364\n",
      "  0.10405331]\n",
      " [0.76710591 1.19279064 0.54982476 0.20996077 0.10039246 0.23697019\n",
      "  0.         0.72050249 0.         0.2992229  0.19298375 0.30092458\n",
      "  0.19298375 0.20183322 0.52079947 0.50196232 0.30653052 0.21411748\n",
      "  0.22890808 0.59268473 0.35711482 0.33215488 0.8118026  0.22817239\n",
      "  0.59705544 1.17545796 0.40788206 0.21114323 0.48067035 0.57832772\n",
      "  0.11273115]\n",
      " [0.49548066 0.37874431 0.45681864 0.21767541 0.31174303 0.24684399\n",
      "  0.11420466 0.37154813 0.2992229  0.         0.20643298 0.5191203\n",
      "  0.20643298 0.10447601 0.53978031 0.62348606 0.52913652 0.22214644\n",
      "  0.11905421 0.51094289 0.2480447  0.34505228 0.31522486 0.\n",
      "  0.20593671 0.55960112 0.31681797 0.         0.59615226 0.39851974\n",
      "  0.11719116]\n",
      " [0.19058422 0.17491607 0.25562222 0.23021289 0.20924339 0.30692768\n",
      "  0.         0.16887389 0.19298375 0.20643298 0.         0.20887764\n",
      "         inf 0.21153331 0.2263037  0.20924339 0.21714724 0.24044917\n",
      "  0.28126641 0.20236187 0.31066747 0.2597303  0.21400313 0.\n",
      "  0.20544282 0.17013354 0.21621749 0.         0.19155782 0.19256852\n",
      "  0.        ]\n",
      " [0.19931206 0.28559136 0.11494894 0.10951347 0.20906036 0.12429172\n",
      "  0.         0.28013637 0.30092458 0.5191203  0.20887764 0.\n",
      "  0.20887764 0.31529564 0.43448355 0.31359054 0.21293218 0.11177712\n",
      "  0.11986326 0.30835221 0.12490059 0.34731712 0.21140933 0.\n",
      "  0.103573   0.28128795 0.2124842  0.         0.29976476 0.20039179\n",
      "  0.11797501]\n",
      " [0.19058422 0.17491607 0.25562222 0.23021289 0.20924339 0.30692768\n",
      "  0.         0.16887389 0.19298375 0.20643298        inf 0.20887764\n",
      "  0.         0.21153331 0.2263037  0.20924339 0.21714724 0.24044917\n",
      "  0.28126641 0.20236187 0.31066747 0.2597303  0.21400313 0.\n",
      "  0.20544282 0.17013354 0.21621749 0.         0.19155782 0.19256852\n",
      "  0.        ]\n",
      " [0.10025654 0.38297978 0.11574863 0.11023908 0.21038212 0.12522722\n",
      "  0.         0.75124663 0.20183322 0.10447601 0.21153331 0.31529564\n",
      "  0.21153331 0.         0.10933468 0.10519106 0.10715176 0.11253314\n",
      "  0.12073305 0.20684598 0.25169062 0.1165836  0.31914158 0.\n",
      "  0.31266538 0.28288213 0.21384975 0.         0.10052531 0.30240885\n",
      "  0.        ]\n",
      " [0.31037058 0.29597859 0.24007115 0.11412078 0.21743942 0.13026028\n",
      "  0.         0.38683152 0.52079947 0.53978031 0.2263037  0.43448355\n",
      "  0.2263037  0.10933468 0.         0.54359856 0.33244641 0.11658105\n",
      "  0.12540461 0.42732837 0.13092919 0.36280134 0.4399632  0.\n",
      "  0.21536929 0.4855983  0.22114565 0.         0.41497235 0.20807763\n",
      "  0.12333924]\n",
      " [0.49869603 0.38109207 0.34517886 0.21922784 0.41848678 0.24884226\n",
      "  0.23011924 0.56071088 0.50196232 0.62348606 0.20924339 0.31359054\n",
      "  0.20924339 0.10519106 0.54359856 0.         0.42624412 0.22376354\n",
      "  0.11998361 0.30861766 0.25006254 0.34765393 0.42319299 0.\n",
      "  0.31098853 0.84452649 0.31900992 0.         0.60003124 0.40111991\n",
      "  0.1180916 ]\n",
      " [0.40600093 0.48439296 0.58704786 0.3352339  0.31968309 0.25434722\n",
      "  0.35222871 0.37998438 0.30653052 0.52913652 0.21714724 0.21293218\n",
      "  0.21714724 0.10715176 0.33244641 0.42624412 0.         0.34230737\n",
      "  0.24508247 0.52373501 0.38343333 0.3548063  0.32334558 0.\n",
      "  0.21113294 0.76314717 0.21668137 0.2248295  0.50887861 0.40824129\n",
      "  0.12056836]\n",
      " [0.42526467 0.40502594 0.37170548 0.23521972 0.22376354 0.13482577\n",
      "  0.12390183 0.39680723 0.21411748 0.22214644 0.24044917 0.11177712\n",
      "  0.24044917 0.11253314 0.11658105 0.22376354 0.34230737 0.\n",
      "  0.25926109 0.21976753 0.27108503 0.12485905 0.33968499 0.\n",
      "  0.33235777 0.69744603 0.22769044 0.1183524  0.5330923  0.42772332\n",
      "  0.        ]\n",
      " [0.22721148 0.32354168 0.40174781 0.25319169 0.11998361 0.29353728\n",
      "  0.         0.31655833 0.22890808 0.11905421 0.28126641 0.11986326\n",
      "  0.28126641 0.12073305 0.12540461 0.11998361 0.24508247 0.25926109\n",
      "  0.         0.23537746 0.29523677 0.13503485 0.36460081 0.\n",
      "  0.2374484  0.21201974 0.12224459 0.         0.34185292 0.22861572\n",
      "  0.        ]\n",
      " [0.29444481 0.65674234 0.56473785 0.2153908  0.2057451  0.2439102\n",
      "  0.         0.9205373  0.59268473 0.51094289 0.20236187 0.30835221\n",
      "  0.20236187 0.20684598 0.42732837 0.30861766 0.52373501 0.21976753\n",
      "  0.23537746 0.         0.36762371 0.22748496 0.62405928 0.11729983\n",
      "  0.30583606 0.92426753 0.41812071 0.         0.39362337 0.39468753\n",
      "  0.11586785]\n",
      " [0.23624187 0.3357243  0.42070433 0.13222824 0.12503127 0.30878625\n",
      "  0.         0.32821126 0.35711482 0.2480447  0.31066747 0.12490059\n",
      "  0.31066747 0.25169062 0.13092919 0.25006254 0.38343333 0.27108503\n",
      "  0.29523677 0.36762371 0.         0.14146226 0.38014601 0.\n",
      "  0.24732853 0.32979313 0.12748844 0.         0.3554826  0.35664047\n",
      "  0.        ]\n",
      " [0.21984855 0.31357218 0.12882994 0.12204122 0.23176929 0.14068172\n",
      "  0.         0.3070082  0.33215488 0.34505228 0.2597303  0.34731712\n",
      "  0.2597303  0.1165836  0.36280134 0.34765393 0.3548063  0.12485905\n",
      "  0.13503485 0.22748496 0.14146226 0.         0.23465981 0.\n",
      "  0.11470939 0.30839185 0.23598485 0.         0.33074239 0.22116299\n",
      "  0.13264311]\n",
      " [0.30242384 0.9624772  0.46593699 0.22181226 0.10579825 0.37826607\n",
      "  0.         1.03828367 0.8118026  0.31522486 0.21400313 0.21140933\n",
      "  0.21400313 0.31914158 0.4399632  0.42319299 0.32334558 0.33968499\n",
      "  0.36460081 0.62405928 0.38014601 0.23465981 0.         0.\n",
      "  0.52408906 1.04259823 0.32265692 0.         0.7075578  0.40544161\n",
      "  0.11959279]\n",
      " [0.22648664 0.21504112 0.13341263 0.25229193 0.11957943 0.\n",
      "  0.13341263 0.21041342 0.22817239 0.         0.         0.\n",
      "  0.         0.         0.         0.         0.         0.\n",
      "  0.         0.11729983 0.         0.         0.         0.\n",
      "  0.23665689 0.21138845 0.12182506 0.25400121 0.         0.\n",
      "  0.        ]\n",
      " [0.39546956 0.66134054 0.34170287 0.32568552 0.10366284 0.3692021\n",
      "  0.         0.74148821 0.59705544 0.20593671 0.20544282 0.103573\n",
      "  0.20544282 0.31266538 0.21536929 0.31098853 0.21113294 0.33235777\n",
      "  0.2374484  0.30583606 0.24732853 0.11470939 0.52408906 0.23665689\n",
      "  0.         0.65144941 0.21069249 0.10919422 0.49564377 0.29819617\n",
      "  0.        ]\n",
      " [0.62922707 1.03494996 0.61288538 0.39133042 0.65685394 0.2189182\n",
      "  0.10214756 1.18650964 1.17545796 0.55960112 0.17013354 0.28128795\n",
      "  0.17013354 0.28288213 0.4855983  0.84452649 0.76314717 0.69744603\n",
      "  0.21201974 0.92426753 0.32979313 0.30839185 1.04259823 0.21138845\n",
      "  0.65144941 0.         0.66649474 0.19669174 0.9911614  0.63230009\n",
      "  0.10453018]\n",
      " [0.50648314 0.48346546 0.23427445 0.33449372 0.21267328 0.12685414\n",
      "  0.11713722 0.47408863 0.40788206 0.31681797 0.21621749 0.2124842\n",
      "  0.21621749 0.21384975 0.22114565 0.31900992 0.21668137 0.22769044\n",
      "  0.12224459 0.41812071 0.12748844 0.23598485 0.32265692 0.12182506\n",
      "  0.21069249 0.66649474 0.         0.         0.30471304 0.3055634\n",
      "  0.12028118]\n",
      " [0.31454838 0.29977555 0.12191431 0.         0.         0.\n",
      "  0.60957156 0.1958473  0.21114323 0.         0.         0.\n",
      "  0.         0.         0.         0.         0.2248295  0.1183524\n",
      "  0.         0.         0.         0.         0.         0.25400121\n",
      "  0.10919422 0.19669174 0.         0.         0.21028691 0.10544723\n",
      "  0.12532367]\n",
      " [0.57320935 0.82286591 0.65700297 0.313671   0.30001562 0.35383816\n",
      "  0.32850148 0.89751023 0.48067035 0.59615226 0.19155782 0.29976476\n",
      "  0.19155782 0.10052531 0.41497235 0.60003124 0.50887861 0.5330923\n",
      "  0.34185292 0.39362337 0.3554826  0.33074239 0.7075578  0.\n",
      "  0.49564377 0.9911614  0.30471304 0.21028691 0.         0.67221644\n",
      "  0.11224308]\n",
      " [0.47892808 0.54995495 0.54915003 0.20971478 0.30083993 0.23665689\n",
      "  0.10983001 0.53983364 0.57832772 0.39851974 0.19256852 0.20039179\n",
      "  0.19256852 0.30240885 0.20807763 0.40111991 0.40824129 0.42772332\n",
      "  0.22861572 0.39468753 0.35664047 0.22116299 0.40544161 0.\n",
      "  0.29819617 0.63230009 0.3055634  0.10544723 0.67221644 0.\n",
      "  0.11258933]\n",
      " [0.         0.21263233 0.         0.         0.         0.\n",
      "  0.13156332 0.10405331 0.11273115 0.11719116 0.         0.11797501\n",
      "  0.         0.         0.12333924 0.1180916  0.12056836 0.\n",
      "  0.         0.11586785 0.         0.13264311 0.11959279 0.\n",
      "  0.         0.10453018 0.12028118 0.12532367 0.11224308 0.11258933\n",
      "  0.        ]]\n"
     ]
    }
   ],
   "source": [
    "print(tr.simMatrix) "
   ]
  },
  {
   "cell_type": "code",
   "execution_count": 39,
   "id": "01485b74",
   "metadata": {
    "collapsed": true,
    "hidden": true
   },
   "outputs": [
    {
     "name": "stdout",
     "output_type": "stream",
     "text": [
      "-LRB- CNN -RRB- -- Pemba Sherpa had already reached Camp 1 on Mount Everest when he heard the loud and chilling bang of the avalanche .\n",
      "\n",
      "He knew his father was behind him on the Khumbu Icefall and ran down the mountain , only to find the devastation of ice , snow and baggage scattered everywhere .\n",
      "\n",
      "`` I thought he abandoned his load and ran to safety , '' he tells me , almost whispering .\n",
      "\n",
      "`` But I could not find him amid the commotion at base camp . Then I saw the helicopters , with the bodies on the suspended ropes , and I knew I lost my dad . ''\n",
      "\n",
      "Ang Tshiring 's body was taken to Lukla , a tourist town where most who embark on a trip to Everest Base Camp start out .\n",
      "\n",
      "From there , Pemba and his brother carried him home themselves on foot , a trek that took seven hours along the mountain trail .\n",
      "\n",
      "Unforgiving land of few opportunities\n",
      "\n",
      "Ang Tshiring , 57 , was a high altitude cook .\n",
      "\n",
      "For the past 15 years , during the climbing season , he spent one month at Everest Base Camp and one month at Camp 2 , at 6,100 meters .\n",
      "\n",
      "Two months to earn $ 1,500 , meant to last the year .\n",
      "\n",
      "Ang Tshiring was famous for always showing happiness .\n",
      "\n",
      "Climbers who knew him remember him as a funny man , laughing and joking all the time , never angry , always kind .\n",
      "\n",
      "His son Pemba , 37 , lives with the family in Thamo , a small village of 50 souls located in the Thame Valley in the Khumbu , where the country 's greatest ethnic Sherpa climbers live , well off the beaten track of Nepal 's Everest Base Camp trail .\n",
      "\n",
      "The Thame Valley suffered the biggest loss of life from April 's Everest tragedy that killed 13 guides -LRB- another three are still missing and presumed dead -RRB- , the deadliest accident in the history of the world 's highest peak .\n",
      "\n",
      "Here , every man , if not in school or too old , is involved in climbing expeditions .\n",
      "\n",
      "They have few other choices .\n",
      "\n",
      "Little grows but the odd patch of potatoes .\n",
      "\n",
      "Few tourists pass by and yak herding is an insufficient way to make a living .\n",
      "\n",
      "Cut off from the economic tourism opportunities that the rest of Nepal 's Kumbhu region enjoys , uncontaminated by progress , the Thame Valley retains the atmosphere of ancient Himalaya -- which for centuries nurtured the Western utopian dream that a secret land of happiness may exist somewhere among the impenetrable snow-capped mountains .\n",
      "\n",
      "The villages are marked by the vernacular architecture of slate-roofed houses .\n",
      "\n",
      "Traders still cross the perilous high passes into Tibet with their cargo of salt and wool as they 've done since ancient times .\n",
      "\n",
      "There 's an abundance of pagodas , monasteries , stone walls carved with mantras , wheels containing prayer scrolls and sacred shrines .\n",
      "\n",
      "Thousands of colorful flags flutter in clusters , offering prayers to be carried along by the wind .\n",
      "\n",
      "Everest avalanche : American climber recounts how Sherpa saved his life\n",
      "\n",
      "A time to earn merit , not mourn\n",
      "\n",
      "In Ang Tshiring 's home , feelings of sadness are eclipsed by spiritual duty .\n",
      "\n",
      "`` All that matters now are the puja , '' says Ang Riku , his widow , referring to a series of prayers and rituals .\n",
      "\n",
      "Her focus is on directing special prayers aimed at purifying and earning merit for Ang Tshiring 's spirit .\n",
      "\n",
      "Nothing else holds relevance for her -- not the political demands of the Sherpas , nor the discussions raging on social media worldwide , nor whether someone will climb Everest from the Nepal side of the mountain this year .\n",
      "\n",
      "She 's silencing her mourning and sorrow to give all of herself for the benefit of Ang Tshiring .\n",
      "\n",
      "The Sherpa follow one of the Tibetan sects of Buddhism , Nyingmapa , and believe that 49 days after Ang Tshiring 's death , his next life is determined and he may reborn .\n",
      "\n",
      "Ang Riku is concerned .\n",
      "\n",
      "She says accidental deaths are a bad way to go .\n",
      "\n",
      "It means Ang Tshiring 's consciousness was in confusion when he died , and that affects his afterlife and rebirth .\n",
      "\n",
      "The more people involved in the prayers , the better the chances of a superior reincarnation .\n",
      "\n",
      "Ang Riku and Ang Tshiring 's private quarters have been transformed into a prayer room , and we all sleep together on the floor of the main hall .\n",
      "\n",
      "Early in the morning , Ang Riku and I plan to go to the three isolated monasteries of Ginupa , Charok and Laudo , located high on the steep hills above Thamo .\n",
      "\n",
      "Immersed in nature , they 're a retreat for ascetics and much revered by local communities .\n",
      "\n",
      "On the kitchen table are several kilograms of rice , three bottles of Coke , a few pats of butter and sugar .\n",
      "\n",
      "Her son , Pemba , has already left for Namche Bazar to meet the management of the company his father worked for to discuss what support they can offer .\n",
      "\n",
      "`` You are my porter , '' Ang Riku says , bursting into a laugh , and I 'm glad that she finds my presence amusing .\n",
      "\n",
      "High cost of devotion\n",
      "\n",
      "Ang Riku climbs the yak trails with determination , stopping every few minutes to catch her breath .\n",
      "\n",
      "We pass through forests of juniper , continuously climbing until we reach the clouds and the monasteries hidden in them .\n",
      "\n",
      "At each gompa -LRB- monastery -RRB- , the same ritual takes place .\n",
      "\n",
      "The lama -LRB- priest -RRB- offers us butter or milk tea and food .\n",
      "\n",
      "We politely decline , but the lama insists and we accept .\n",
      "\n",
      "We barely empty half of our bowls when the lama comes to fill them again .\n",
      "\n",
      "We decline , he insists , we accept again .\n",
      "\n",
      "Then Ang Riku offers money for the lama to perform the puja .\n",
      "\n",
      "The lama declines , she insists , he accepts .\n",
      "\n",
      "This display of generosity is a fundamental aspect that governs the relationship of the Sherpas .\n",
      "\n",
      "Next , Ang Riku prepares a copper plate full of rice , the equivalent of $ 30 , and a ceremonial white scarf that the lama will use for the prayers .\n",
      "\n",
      "We pay our respects in the monastery 's prayer room .\n",
      "\n",
      "Before leaving , the lama puts the ceremonial scarf around Ang Riku 's neck .\n",
      "\n",
      "It 's an emotional moment , the only time Ang Riku lets her emotions overtake her .\n",
      "\n",
      "She cries , holding the hands of the lama , abandoning herself in his support .\n",
      "\n",
      "After six or seven bowls of noodles and a dozen teas , we head back home .\n",
      "\n",
      "Ang Riku 's face is relaxed .\n",
      "\n",
      "She 's carried out important deeds for her husband .\n",
      "\n",
      "But today was just a small part of the funeral rites .\n",
      "\n",
      "Ang Riku also sends bags with salt , butter , rice and money to 500 families in the valley , so they 'll recite prayers for Ang Tshiring .\n",
      "\n",
      "She says she sent similar bags to many monasteries in the Kumbhu and in special holy places as far as India .\n",
      "\n",
      "The cost of such devotion is high .\n",
      "\n",
      "To confirm a day of puja in a large monastery costs $ 1,300 .\n",
      "\n",
      "The total expenditure will be upward of $ 10,000 , significantly more than the life insurance that the government pledged after many protests by the Sherpas .\n",
      "\n",
      "Ang Riku says she had to ask for a loan at the market at an interest rate of 25 % per year -- she does n't have the collateral to borrow from banks .\n",
      "\n",
      "Climbers head home as Everest Sherpas refuse to work\n",
      "\n",
      "`` I wonder if I will come back alive ? ''\n",
      "\n",
      "Although the world regards them as high altitude guides and porters , most Sherpas do n't want to be mountain climbers on Everest .\n",
      "\n",
      "Better jobs are available for many in the other valleys of the Khumbu that cater to trekking tourists .\n",
      "\n",
      "But here in the Thame Valley , there are n't many options .\n",
      "\n",
      "`` Every time I go on a climbing expedition , I wonder if I will come back alive , '' says Pemba .\n",
      "\n",
      "`` I feel sad , but I have to do this job for my family . I 've summited Everest 14 times and I 've always brought a photograph of my family with me . ''\n",
      "\n",
      "Though more catastrophic than usual , this year 's tragedy was no great surprise for those in the Thame Valley , who have become familiar the loss of life that almost always occurs in April and May .\n",
      "\n",
      "The only difference , Pemba tells me , is that `` this year was particularly unlucky . ''\n",
      "\n",
      "The Sherpas ' approach to religion includes an animist tradition that holds that mountains and other natural features are the abodes of deities that can make men suffer if they fail to respect them .\n",
      "\n",
      "I offer a puja in the monastery for Ang Tshiring in the afternoon and ask Lopsang , a young monk who says he escaped from Tibet , the reason behind the bad luck .\n",
      "\n",
      "`` I do n't know if the god of the moun\n",
      "\n",
      "\n",
      "[\"Ang Tshiring , 57 , was among the 16 killed in this year 's Mount Everest avalanche\", \"In Nepal 's Thame Valley , villagers have few employment options other than to work in the climbing industry\", 'For families of deceased , sadness now eclipsed by spiritual duty']\n"
     ]
    }
   ],
   "source": [
    "story = stories[358][\"story\"]\n",
    "highlight = stories[358][\"highlights\"]\n",
    "tr = TextRank()\n",
    "#     tr.run(story) \n",
    "chk = tr.initMatrix(story)\n",
    "if not chk:\n",
    "    continue \n",
    "tr.calRank()\n",
    "\n"
   ]
  },
  {
   "cell_type": "markdown",
   "id": "9dd351ea",
   "metadata": {},
   "source": [
    "#### accuracy"
   ]
  },
  {
   "cell_type": "code",
   "execution_count": 74,
   "id": "a2e52cb3",
   "metadata": {},
   "outputs": [
    {
     "data": {
